797
894
469
790
893
713
637
478
916
363
739
365
182
677
932
182
54
512
695
81
327
477
933
691
113
628
399
747
43
62
218
656
569
601
936
469
102
265
699
640
393
913
5
565
261
747
64
605
547
75
469
897
127
420
913
845
639
862
945
750
797
456
267
381
958
680
432
750
82
201
660
551
197
82
286
501
903
610
691
812
942
417
499
504
537
507
703
28
97
899
740
483
314
108
513
610
304
502
510
83
277
587
289
772
776
368
392
637
905
361
771
543
342
98
237
906
655
356
696
105
294
628
717
594
582
14
738
525
124
377
20
101
105
939
468
853
503
63
326
871
194
383
639
897
468
464
671
890
880
26
411
256
167
739
831
682
216
798
249
349
624
900
986
648
642
120
515
557
573
266
806
26
905
955
99
339
465
677
530
215
4
376
326
948
583
60
667
663
812
274
233
438
754
51
328
315
460
707
837
429
752
908
463
325
110
942
438
95
784
120
754
281
125
254
587
830
351
930
517
746
358
125
479
101
142
346
948
631
696
55
167
803
619
431
795
550
712
22
225
319
600
29
332
814
480
672
495
10
54
615
201
593
609
323
830
769
359
350
464
941
172
892
888
830
431
501
670
430
896
169
484
439
903
766
530
183
737
754
616
358
134
954
342
725
260
29
956
464
706
723
430
252
426
937
249
530
827
127
812
77
594
584
879
122
659
327
572
709
932
55
523
63
847
187
35
317
303
804
789
248
516
708
764
505
636
724
108
750
505
614
272
555
68
918
124
706
831
686
469
34
526
46
355
597
674
390
999
217
675
612
766
871
896
158
976
368
184
241
72
276
168
786
341
406
296
733
893
274
690
230
762
845
101
426
492
9
104
630
336
190
992
488
377
775
369
958
782
505
707
739
970
464
503
465
180
801
6
735
124
956
189
988
213
955
11
438
918
67
991
869
300
411
900
941
111
957
890
364
109
156
768
461
590
491
616
818
383
582
800
592
417
231
250
410
222
817
129
434
795
907
683
225
728
470
424
949
398
483
667
228
485
280
427
300
218
129
53
524
703
449
380
56
92
880
32
429
138
156
731
760
779
661
119
518
148
766
442
238
559
232
97
14
669
716
492
414
579
715
69
311
784
33
897
999
189
606
89
96
819
227
481
30
557
521
158
109
563
551
174
80
537
328
468
663
971
775
279
535
999
760
153
219
733
612
665
294
565
157
647
142
585
88
212
995
686
369
569
460
803
56
674
720
418
696
313
961
844
100
339
182
880
811
338
147
304
219
756
810
905
499
385
510
406
436
935
879
170
402
454
95
62
206
720
627
616
512
428
468
656
751
138
569
878
612
41
976
553
540
776
576
219
829
384
619
128
22
761
896
738
358
724
642
203
411
386
237
920
119
393
382
859
955
598
754
501
273
333
756
176
759
500
186
732
442
205
800
585
782
573
14
788
974
674
13
469
545
976
327
320
603
143
355
448
600
225
758
508
429
326
598
495
839
903
498
349
383
307
444
66
462
960
215
364
787
787
534
925
209
442
1
920
176
414
791
687
985
204
136
539
963
91
210
249
121
582
786
78
938
531
595
30
959
758
157
104
439
666
928
239
678
482
120
950
337
161
719
933
501
175
692
681
515
219
225
101
96
932
478
982
453
665
232
928
254
836
814
315
160
366
414
667
454
654
774
922
476
158
932
129
975
348
682
406
296
529
13
870
668
582
123
34
558
222
657
864
876
825
557
44
226
74
173
492
958
994
20
808
827
517
846
108
849
758
32
109
915
145
658
810
968
649
888
902
888
559
530
222
43
453
180
969
160
92
942
69
396
146
966
299
239
686
91
643
161
444
537
491
32
984
732
441
3
575
352
646
661
505
703
23
793
558
235
739
997
723
123
708
355
53
534
65
557
956
292
895
771
727
119
831
549
478
927
55
75
983
184
98
970
466
746
82
447
460
408
476
93
112
173
311
965
483
418
800
533
37
250
484
805
614
909
793
192
246
854
909
547
434
669
242
212
877
112
755
339
325
239
687
624
943
284
883
468
711
515
928
186
702
137
303
683
150
305
753
867
552
598
176
983
441
765
520
987
352
154
119
317
970
107
503
795
282
273
716
178
441
726
758
557
155
996
720
820
221
252
632
12
922
954
142
919
162
697
895
834
79
508
976
282
189
190
284
819
245
500
19
788
352
221
414
705
325
390
643
288
656
348
173
180
435
802
98
27
994
715
481
356
981
734
713
575
871
6
530
766
749
575
83
167
428
562
661
54
156
213
490
61
28
788
969
557
299
512
472
934
492
278
801
876
163
762
813
220
62
784
625
609
556
688
246
125
650
518
423
117
23
102
779
673
433
807
156
897
620
928
16
869
249
937
356
31
284
906
989
3
445
652
723
999
299
703
130
102
32
140
488
439
652
614
92
555
312
545
972
464
110
439
32
643
771
202
770
715
12
453
488
375
848
584
428
784
553
680
635
310
731
445
689
115
118
630
674
903
857
797
144
374
326
279
588
636
911
719
817
172
291
40
462
606
940
644
409
880
610
270
649
418
782
565
601
949
50
682
262
985
154
932
458
60
415
234
793
514
660
674
36
137
503
759
116
773
807
43
480
160
922
864
634
764
426
325
173
347
864
586
372
140
58
866
472
770
280
862
762
630
108
24
665
471
960
957
997
437
217
821
695
126
721
423
730
58
261
915
446
23
584
388
178
887
306
341
988
186
768
566
649
704
464
191
748
256
694
306
394
360
709
21
512
800
381
98
632
298
543
848
388
918
196
197
221
192
973
11
932
26
389
321
975
995
331
332
316
678
411
851
310
564
108
43
88
868
168
413
872
204
276
855
910
580
89
515
414
483
853
318
797
39
163
44
721
157
484
850
67
412
530
233
401
657
426
704
167
708
15
581
654
85
74
170
418
794
607
39
701
365
635
827
272
69
936
200
704
82
718
310
993
776
160
462
69
803
481
502
857
23
744
775
278
480
348
375
952
747
673
247
218
53
690
265
7
155
701
75
142
977
660
484
865
397
653
26
270
402
596
136
844
136
894
142
41
256
569
526
576
168
752
628
508
363
456
101
922
728
8
574
279
936
260
467
911
255
343
890
366
525
843
159
894
69
413
85
967
812
250
49
150
228
388
880
417
768
370
32
395
779
59
867
886
751
676
517
511
967
915
685
191
216
60
860
5
201
441
891
131
418
934
592
916
700
590
941
450
931
936
950
293
817
270
732
639
317
888
746
689
799
948
355
361
306
2
328
154
867
732
940
805
915
61
343
676
127
779
192
823
42
339
203
110
621
969
148
540
202
543
495
940
206
252
253
120
364
367
384
235
310
81
10
86
382
707
492
587
320
989
862
339
98
848
804
276
766
630
728
261
508
295
558
999
219
482
837
967
631
971
581
492
587
450
43
935
286
836
695
629
211
821
112
14
158
943
107
45
844
376
350
126
505
225
873
174
595
126
389
786
245
569
215
938
175
618
643
782
491
848
386
761
479
857
588
903
390
106
591
929
26
574
563
780
674
344
264
168
27
57
642
657
177
113
633
276
390
613
480
541
524
521
679
217
980
520
573
297
954
420
493
741
113
945
485
949
530
400
191
16
617
934
953
876
396
638
961
967
861
764
379
264
398
984
872
638
727
893
581
249
714
888
806
786
622
467
495
176
924
168
757
980
657
204
515
257
137
316
373
575
570
583
672
98
895
543
182
672
876
149
885
692
236
110
569
39
131
910
700
129
819
137
642
197
52
443
705
931
561
155
315
40
565
477
419
860
715
90
340
485
629
76
883
49
540
709
666
445
283
572
544
276
752
742
742
217
707
118
154
525
434
611
890
398
990
600
478
501
222
109
947
758
971
269
262
549
655
108
549
679
218
316
528
750
998
327
18
948
815
731
10
506
727
336
54
67
79
954
453
435
20
579
981
819
97
740
764
981
121
176
209
386
999
860
16
181
617
221
863
833
502
620
423
447
932
666
278
175
645
186
145
309
411
276
4
907
35
266
998
954
158
315
22
711
888
86
891
135
254
134
317
432
451
805
928
481
54
859
993
816
384
125
61
576
962
270
715
608
540
861
48
97
62
676
138
472
537
583
487
97
14
977
962
30
913
134
637
54
847
333
719
665
303
177
494
619
224
593
505
910
855
278
935
558
791
865
837
767
33
585
161
375
810
36
616
572
610
117
830
85
163
215
359
974
423
243
417
773
404
5
234
105
612
310
834
95
984
444
902
760
660
433
510
870
753
130
4
83
67
43
677
501
498
112
333
871
352
482
239
48
485
426
994
224
397
412
203
3
336
692
432
305
563
642
163
48
969
229
248
225
707
309
957
540
38
266
881
505
374
941
972
34
896
454
349
520
229
700
214
907
229
957
180
746
491
289
241
354
475
20
981
932
320
612
639
572
902
331
563
717
789
928
586
48
20
385
449
641
435
948
600
808
369
393
917
785
915
104
406
668
293
699
221
420
689
174
438
90
878
75
362
363
950
392
714
769
199
535
937
752
885
805
811
383
676
690
23
301
268
624
249
774
831
729
141
689
279
208
238
884
344
431
613
429
403
737
781
915
67
69
794
279
272
788
173
384
678
208
624
358
503
958
989
929
269
526
553
999
78
718
661
183
981
490
143
652
543
644
645
9
877
234
232
585
269
656
794
405
424
540
801
243
556
67
333
105
598
539
92
916
873
937
766
890
714
810
816
55
905
536
685
488
543
933
615
273
726
894
902
979
690
665
475
674
144
277
715
141
120
304
298
510
962
720
686
847
899
674
622
648
574
73
703
373
53
861
691
157
485
47
609
12
416
379
368
149
736
542
658
567
386
349
318
938
634
853
157
429
676
677
243
762
140
409
777
694
732
641
74
798
985
57
276
728
731
400
869
600
843
750
853
577
235
625
683
521
33
709
177
114
643
371
209
295
159
84
936
32
330
908
774
484
289
293
732
694
304
621
743
262
288
88
715
347
502
206
742
899
848
396
884
908
174
44
609
806
40
740
35
385
373
416
18
205
616
574
128
51
91
199
16
866
630
818
862
497
851
451
715
137
751
898
319
788
701
49
538
876
69
398
954
758
286
613
642
63
117
186
518
738
95
342
764
515
203
152
363
239
337
35
549
783
62
450
141
93
871
822
787
584
963
483
689
496
346
589
816
632
51
897
631
995
932
207
20
28
136
62
908
282
537
494
839
281
995
725
378
293
990
605
368
556
637
614
255
794
160
394
31
940
459
7
962
274
557
203
754
531
623
844
979
393
22
719
838
986
178
588
315
133
438
692
178
82
85
282
242
704
795
280
872
386
770
419
926
500
400
3
528
35
955
604
84
869
978
137
414
91
395
712
708
700
499
352
284
537
551
745
651
375
459
578
17
22
733
842
247
773
271
573
234
836
308
873
150
326
141
526
546
775
399
479
911
68
453
982
804
414
143
567
683
346
590
172
459
386
478
361
164
210
875
372
65
705
689
540
113
912
822
94
835
624
860
659
571
423
41
736
709
368
688
409
724
249
955
954
601
828
695
65
583
389
737
741
737
616
797
909
180
380
704
895
184
210
58
717
909
842
442
271
751
88
83
630
757
857
645
225
984
769
232
468
207
353
783
262
356
658
571
21
704
828
896
562
521
651
801
840
57
428
348
323
857
94
839
0
811
757
818
77
845
120
97
278
456
688
629
433
843
182
454
187
181
178
649
221
920
495
52
508
510
896
952
821
52
142
680
860
606
927
19
942
95
218
13
791
542
987
431
992
52
20
715
738
256
779
331
429
263
371
159
929
83
60
481
285
101
148
161
829
254
966
6
688
950
733
267
579
155
654
683
282
834
672
265
246
845
244
369
682
270
161
679
326
181
695
907
566
288
315
400
899
377
747
440
646
837
205
961
721
751
635
189
164
506
65
819
116
568
79
877
534
44
594
545
179
574
748
633
707
698
874
850
51
346
542
946
756
350
807
862
456
707
97
774
995
116
134
220
357
475
165
399
216
519
191
432
300
534
242
64
724
643
106
835
442
428
153
554
336
92
703
681
413
477
952
150
781
334
481
125
42
966
230
613
499
760
985
567
249
11
376
278
720
686
922
413
70
57
452
6
425
226
759
202
852
463
658
689
655
202
944
36
363
131
106
282
620
901
766
468
45
853
564
588
911
474
775
199
950
814
242
402
65
537
266
505
998
299
650
558
845
246
808
472
512
297
706
791
462
126
17
77
495
8
786
520
683
282
114
465
332
650
238
625
440
18
240
927
447
240
718
70
787
345
453
425
330
680
249
535
89
423
21
975
256
966
598
728
958
934
456
254
379
597
587
230
72
176
81
362
839
358
400
865
285
616
192
272
116
149
50
481
953
645
189
375
590
526
743
166
248
858
438
464
410
174
121
698
370
350
560
724
471
128
875
558
250
932
496
491
642
250
391
933
173
399
447
984
487
191
691
969
975
869
280
166
702
590
173
997
676
761
659
868
87
616
450
606
117
654
118
242
307
500
818
715
446
842
710
42
118
383
401
959
563
874
475
891
339
673
210
528
419
175
222
986
449
158
470
594
372
525
152
782
104
163
213
596
663
574
133
256
687
260
375
396
93
875
257
308
322
867
899
518
914
866
68
366
791
293
914
8
588
306
599
377
313
563
798
484
440
774
37
219
536
573
293
515
310
520
469
441
26
814
906
366
979
983
140
785
757
996
895
907
590
669
349
930
185
46
303
452
263
875
558
489
794
42
895
842
966
920
302
964
879
537
246
762
911
608
530
39
671
202
674
411
695
34
749
812
271
715
77
391
642
812
648
708
966
25
48
484
655
943
2
779
668
659
291
351
442
888
302
525
800
5
176
281
877
37
123
535
929
392
293
841
331
505
235
154
646
489
559
567
654
412
85
433
508
959
954
542
43
675
921
692
935
848
766
186
677
344
496
406
168
965
672
709
816
685
593
357
418
233
477
585
503
129
128
744
856
828
631
457
566
450
552
724
854
673
235
682
681
72
958
603
674
983
294
950
485
390
148
792
428
155
594
199
175
223
901
777
126
9
160
713
348
668
220
859
177
375
305
963
514
433
71
684
683
90
714
735
601
958
619
857
656
867
401
921
973
620
633
759
939
734
615
974
98
830
38
138
769
7
934
245
383
902
106
263
921
220
387
669
182
936
450
605
972
532
66
21
343
662
938
278
800
916
163
15
100
915
401
53
768
177
492
287
111
874
263
138
964
147
157
112
914
267
322
916
150
199
850
929
473
307
574
361
476
246
917
964
472
235
340
633
490
798
407
270
99
511
32
822
197
362
989
233
621
820
875
602
349
435
864
729
675
873
617
573
826
157
197
320
948
255
413
259
339
307
941
600
731
286
132
12
535
814
919
114
134
70
870
707
544
487
35
842
354
390
790
312
660
269
903
334
280
648
674
46
469
547
356
613
174
528
323
513
122
366
868
640
469
648
123
546
62
842
215
103
64
356
975
82
800
995
712
819
52
59
74
713
194
252
252
512
822
783
515
114
506
997
257
652
363
535
651
815
288
662
64
379
578
978
937
929
140
106
485
832
655
38
77
843
587
705
275
878
561
773
434
805
843
2
126
742
247
750
98
172
134
898
152
420
709
201
584
218
677
412
449
757
864
758
607
224
967
811
791
780
987
105
65
425
208
577
11
762
875
196
878
78
914
476
119
922
359
387
484
773
451
501
496
795
540
522
733
568
620
701
132
693
331
191
506
762
474
63
660
625
888
189
224
442
171
659
62
693
357
30
378
126
632
767
569
355
541
880
174
913
845
868
601
874
985
84
874
623
104
424
547
762
800
165
102
971
627
741
302
271
979
274
446
362
189
221
386
216
344
229
212
2
308
456
130
124
1
730
323
418
740
384
888
306
920
104
867
182
426
521
911
560
536
731
256
943
149
340
265
783
266
973
261
320
781
113
100
532
256
84
760
846
277
988
480
470
644
113
254
261
534
745
984
571
691
880
325
364
833
904
501
141
438
137
729
496
211
543
472
378
841
448
178
778
779
290
29
412
663
76
452
655
905
434
110
68
504
509
568
58
450
594
147
554
709
386
677
728
196
870
537
93
889
980
134
930
351
643
726
213
914
558
3
394
999
670
2
337
418
353
964
620
414
92
965
737
598
3
96
597
274
9
119
603
235
674
531
767
128
418
662
188
316
617
375
109
842
906
304
343
380
200
436
751
409
539
219
804
497
465
62
895
880
944
676
534
277
649
612
747
889
217
924
476
819
260
27
946
474
865
317
45
601
592
481
640
115
337
909
557
503
499
788
564
697
60
799
792
257
963
800
380
337
394
588
759
572
866
394
928
641
992
401
598
544
237
190
255
81
886
667
498
480
690
285
386
732
878
916
500
646
517
31
959
503
309
984
895
742
905
458
596
103
893
520
870
391
330
515
285
548
890
827
115
337
398
832
327
596
301
725
539
736
574
612
816
616
392
965
502
480
222
933
401
669
111
837
651
844
223
443
354
521
997
815
57
945
292
157
84
93
870
82
614
823
15
606
873
915
251
428
499
66
502
189
189
417
125
753
580
788
315
371
854
233
516
972
527
727
822
208
850
242
833
390
561
458
562
262
518
803
11
648
23
625
546
984
155
898
406
855
989
349
79
543
412
940
241
526
616
524
180
78
928
152
591
956
336
767
275
740
269
81
754
382
22
720
447
420
629
286
352
122
500
148
373
949
904
844
268
519
809
45
355
482
615
947
552
900
742
495
183
708
658
158
890
481
440
538
962
697
469
942
599
646
77
534
726
824
858
682
864
971
295
80
732
763
258
656
52
606
962
360
639
530
89
58
784
70
632
839
303
916
154
676
582
213
849
819
455
938
259
332
338
661
792
653
920
355
213
912
833
922
267
759
463
16
692
402
945
56
377
70
51
987
802
728
806
235
481
891
733
163
466
492
799
607
182
510
60
786
704
942
269
358
261
179
838
309
249
492
783
45
99
909
952
779
699
265
714
214
69
879
587
200
989
627
324
272
684
251
81
214
100
961
292
451
78
625
42
260
214
603
12
739
169
266
420
625
930
929
580
756
880
975
238
975
534
392
419
953
721
258
513
435
26
326
510
88
718
741
409
544
977
263
112
516
837
182
938
23
926
23
979
493
182
184
990
176
160
169
627
42
988
383
370
17
884
605
501
442
709
819
29
451
457
676
706
725
707
775
982
869
496
248
710
660
751
927
654
152
967
357
669
636
772
12
157
771
938
568
178
532
473
634
517
162
870
922
402
820
703
701
42
628
975
697
850
789
86
100
806
500
50
276
237
698
236
445
398
580
96
646
22
922
11
789
536
814
825
960
804
151
722
104
368
449
426
13
284
749
112
691
829
0
482
457
219
582
981
563
448
483
624
949
563
330
515
138
139
692
944
273
518
277
507
624
991
599
261
992
421
774
159
398
458
915
944
182
201
27
395
786
643
830
539
759
275
295
879
186
358
584
909
941
417
193
279
118
784
304
713
784
898
453
88
550
263
893
610
308
670
208
401
919
972
919
270
605
149
292
237
228
637
536
135
701
114
45
875
301
464
133
861
115
986
809
878
754
641
181
986
809
583
658
407
271
353
115
636
193
474
265
852
508
494
288
294
826
830
544
111
276
540
923
823
101
840
574
133
60
31
454
19
410
488
597
606
130
625
862
813
177
63
40
334
7
806
434
623
716
609
346
830
427
487
433
6
17
876
444
967
898
994
288
21
583
519
211
747
135
555
638
534
253
253
821
793
942
740
939
300
112
560
364
756
908
314
355
160
394
586
623
196
350
141
79
656
297
707
147
465
548
750
105
770
342
424
141
725
350
616
259
588
960
691
894
268
420
303
125
144
950
724
738
564
288
585
554
749
478
331
755
639
531
169
111
764
412
999
3
268
126
41
946
925
584
595
95
361
127
592
68
539
807
709
470
363
247
710
676
466
97
531
930
988
267
903
985
554
132
791
740
508
164
882
363
185
224
872
711
145
454
838
19
799
976
157
786
177
393
461
457
318
488
354
128
947
388
741
309
839
662
728
560
318
643
985
689
407
384
234
679
559
861
823
538
64
231
520
591
686
636
435
422
602
404
689
779
672
466
718
855
169
396
536
597
863
640
559
845
738
303
731
299
182
513
858
700
323
958
267
456
981
629
528
298
261
622
369
557
425
186
729
488
400
291
661
366
129
369
710
734
634
200
526
199
159
869
388
446
619
811
595
767
572
375
352
234
487
949
792
692
554
659
519
2
683
437
936
533
996
253
953
958
525
6
675
513
943
382
925
257
312
415
216
128
528
451
650
259
282
720
95
605
917
336
291
927
25
607
967
284
322
690
725
55
843
261
322
321
587
197
355
779
390
73
450
575
507
810
666
513
157
289
862
445
323
227
136
315
982
104
322
479
106
757
988
13
865
122
896
81
122
130
940
157
510
92
940
197
947
62
83
496
465
93
23
700
802
128
414
206
895
645
391
733
704
35
924
863
266
650
857
623
194
89
920
970
620
965
561
487
237
178
978
837
474
382
436
946
272
49
287
238
344
475
551
94
645
281
190
376
38
617
190
87
852
988
575
337
201
137
38
818
430
862
925
594
265
302
330
857
457
738
274
280
412
299
641
373
399
988
445
877
598
848
185
942
57
973
226
3
651
701
99
23
729
783
280
315
641
296
465
953
41
74
555
755
496
841
800
246
650
669
304
536
506
332
988
719
112
52
572
158
860
574
780
491
300
964
408
274
738
455
901
648
157
441
57
997
393
958
92
733
95
975
62
206
256
770
806
276
414
642
277
807
213
17
476
692
460
277
344
982
807
432
136
514
573
137
292
519
590
698
870
724
215
179
934
118
465
893
412
468
253
283
795
887
599
756
167
452
548
23
560
582
711
964
378
279
669
17
243
107
806
193
696
915
798
163
198
583
937
347
545
647
840
133
629
411
721
203
731
729
101
551
581
380
369
797
840
4
721
654
665
683
800
868
736
314
901
366
842
936
470
182
436
731
397
869
425
628
982
248
996
351
20
681
902
418
993
955
546
163
296
478
107
686
861
613
35
838
305
546
301
421
472
821
880
959
706
475
970
933
739
535
745
982
220
971
399
230
800
968
178
130
683
109
895
728
199
643
511
921
416
578
383
892
953
361
673
177
711
265
41
990
124
510
433
14
984
543
533
721
365
297
835
485
126
779
18
844
788
277
350
995
688
279
559
343
398
275
93
154
901
761
181
453
564
760
892
292
863
411
943
566
202
77
16
581
711
936
485
323
269
668
235
573
948
501
530
246
284
641
501
662
764
507
683
248
33
823
621
64
143
923
544
686
145
873
268
427
629
978
513
217
862
956
643
255
891
358
325
179
666
